{
 "cells": [
  {
   "cell_type": "code",
   "execution_count": 8,
   "id": "34be9fdc-d4ad-47f4-a368-ae6c904ac75e",
   "metadata": {},
   "outputs": [],
   "source": [
    "from pyspark.sql import SparkSession\n",
    "import pyspark.sql.functions as F"
   ]
  },
  {
   "cell_type": "code",
   "execution_count": 11,
   "id": "2103a2f7-9db5-4b60-a932-b1719199c2f4",
   "metadata": {},
   "outputs": [],
   "source": [
    "spark = ( SparkSession.builder.appName('teste')\n",
    ".config('spark.sql.repl.eagerEval.enabled', True)\n",
    ".getOrCreate()\n",
    "        )"
   ]
  },
  {
   "cell_type": "code",
   "execution_count": 17,
   "id": "5f0471e3-3ac7-4eda-8213-6de3fe24d67e",
   "metadata": {},
   "outputs": [],
   "source": [
    "df = spark.read.parquet('./Downloads/DATASETS/DATASETS/LIVROS.parquet' , sep =\";\",inferSchema=True, header= True).limit(5)"
   ]
  },
  {
   "cell_type": "code",
   "execution_count": 19,
   "id": "ef4153c7-da92-4d5b-8b54-9c222e963d21",
   "metadata": {},
   "outputs": [
    {
     "data": {
      "text/html": [
       "<table border='1'>\n",
       "<tr><th>id</th><th>cnpj_editora</th><th>data_lancamento</th><th>ean</th><th>isbn10</th><th>numero_paginas</th><th>preco</th></tr>\n",
       "<tr><td>102961160</td><td>54.317.982/0001-79</td><td>2011-09-19</td><td>4367115749184</td><td>0-06-594558-1</td><td>516</td><td>113.84</td></tr>\n",
       "<tr><td>043636240</td><td>16.938.042/0001-08</td><td>2019-05-11</td><td>1239569754256</td><td>0-611-23680-X</td><td>371</td><td>207.67</td></tr>\n",
       "<tr><td>052928059</td><td>57.624.038/0001-52</td><td>2003-08-03</td><td>5462162528221</td><td>1-109-29542-1</td><td>198</td><td>107.89</td></tr>\n",
       "<tr><td>088482271</td><td>16.249.378/0001-63</td><td>2022-09-07</td><td>5713629047213</td><td>1-229-68842-0</td><td>632</td><td>143.95</td></tr>\n",
       "<tr><td>028125446</td><td>90.425.178/0001-77</td><td>2011-07-25</td><td>2226757040245</td><td>0-657-66391-3</td><td>384</td><td>156.49</td></tr>\n",
       "<tr><td>102961160</td><td>54.317.982/0001-79</td><td>2011-09-19</td><td>4367115749184</td><td>0-06-594558-1</td><td>516</td><td>113.84</td></tr>\n",
       "<tr><td>043636240</td><td>16.938.042/0001-08</td><td>2019-05-11</td><td>1239569754256</td><td>0-611-23680-X</td><td>371</td><td>207.67</td></tr>\n",
       "<tr><td>052928059</td><td>57.624.038/0001-52</td><td>2003-08-03</td><td>5462162528221</td><td>1-109-29542-1</td><td>198</td><td>107.89</td></tr>\n",
       "<tr><td>088482271</td><td>16.249.378/0001-63</td><td>2022-09-07</td><td>5713629047213</td><td>1-229-68842-0</td><td>632</td><td>143.95</td></tr>\n",
       "<tr><td>028125446</td><td>90.425.178/0001-77</td><td>2011-07-25</td><td>2226757040245</td><td>0-657-66391-3</td><td>384</td><td>156.49</td></tr>\n",
       "</table>\n"
      ],
      "text/plain": [
       "+---------+------------------+---------------+-------------+-------------+--------------+------+\n",
       "|       id|      cnpj_editora|data_lancamento|          ean|       isbn10|numero_paginas| preco|\n",
       "+---------+------------------+---------------+-------------+-------------+--------------+------+\n",
       "|102961160|54.317.982/0001-79|     2011-09-19|4367115749184|0-06-594558-1|           516|113.84|\n",
       "|043636240|16.938.042/0001-08|     2019-05-11|1239569754256|0-611-23680-X|           371|207.67|\n",
       "|052928059|57.624.038/0001-52|     2003-08-03|5462162528221|1-109-29542-1|           198|107.89|\n",
       "|088482271|16.249.378/0001-63|     2022-09-07|5713629047213|1-229-68842-0|           632|143.95|\n",
       "|028125446|90.425.178/0001-77|     2011-07-25|2226757040245|0-657-66391-3|           384|156.49|\n",
       "|102961160|54.317.982/0001-79|     2011-09-19|4367115749184|0-06-594558-1|           516|113.84|\n",
       "|043636240|16.938.042/0001-08|     2019-05-11|1239569754256|0-611-23680-X|           371|207.67|\n",
       "|052928059|57.624.038/0001-52|     2003-08-03|5462162528221|1-109-29542-1|           198|107.89|\n",
       "|088482271|16.249.378/0001-63|     2022-09-07|5713629047213|1-229-68842-0|           632|143.95|\n",
       "|028125446|90.425.178/0001-77|     2011-07-25|2226757040245|0-657-66391-3|           384|156.49|\n",
       "+---------+------------------+---------------+-------------+-------------+--------------+------+"
      ]
     },
     "execution_count": 19,
     "metadata": {},
     "output_type": "execute_result"
    }
   ],
   "source": [
    "dup = df.union(df)\n",
    "dup"
   ]
  },
  {
   "cell_type": "code",
   "execution_count": 21,
   "id": "ffaffbf1-616e-4867-835f-5fbbd03eb710",
   "metadata": {},
   "outputs": [
    {
     "data": {
      "text/html": [
       "<table border='1'>\n",
       "<tr><th>cnpj_editora</th><th>data_lancamento</th><th>ean</th><th>isbn10</th><th>numero_paginas</th><th>preco</th><th>id</th></tr>\n",
       "<tr><td>54.317.982/0001-79</td><td>2011-09-19</td><td>4367115749184</td><td>0-06-594558-1</td><td>516</td><td>113.84</td><td>102961160</td></tr>\n",
       "<tr><td>16.938.042/0001-08</td><td>2019-05-11</td><td>1239569754256</td><td>0-611-23680-X</td><td>371</td><td>207.67</td><td>043636240</td></tr>\n",
       "<tr><td>57.624.038/0001-52</td><td>2003-08-03</td><td>5462162528221</td><td>1-109-29542-1</td><td>198</td><td>107.89</td><td>052928059</td></tr>\n",
       "<tr><td>16.249.378/0001-63</td><td>2022-09-07</td><td>5713629047213</td><td>1-229-68842-0</td><td>632</td><td>143.95</td><td>088482271</td></tr>\n",
       "<tr><td>90.425.178/0001-77</td><td>2011-07-25</td><td>2226757040245</td><td>0-657-66391-3</td><td>384</td><td>156.49</td><td>028125446</td></tr>\n",
       "</table>\n"
      ],
      "text/plain": [
       "+------------------+---------------+-------------+-------------+--------------+------+---------+\n",
       "|      cnpj_editora|data_lancamento|          ean|       isbn10|numero_paginas| preco|       id|\n",
       "+------------------+---------------+-------------+-------------+--------------+------+---------+\n",
       "|54.317.982/0001-79|     2011-09-19|4367115749184|0-06-594558-1|           516|113.84|102961160|\n",
       "|16.938.042/0001-08|     2019-05-11|1239569754256|0-611-23680-X|           371|207.67|043636240|\n",
       "|57.624.038/0001-52|     2003-08-03|5462162528221|1-109-29542-1|           198|107.89|052928059|\n",
       "|16.249.378/0001-63|     2022-09-07|5713629047213|1-229-68842-0|           632|143.95|088482271|\n",
       "|90.425.178/0001-77|     2011-07-25|2226757040245|0-657-66391-3|           384|156.49|028125446|\n",
       "+------------------+---------------+-------------+-------------+--------------+------+---------+"
      ]
     },
     "execution_count": 21,
     "metadata": {},
     "output_type": "execute_result"
    }
   ],
   "source": [
    "df1 = df.select(\"cnpj_editora\",\"data_lancamento\", \"ean\", \"isbn10\", \"numero_paginas\", \"preco\", \"id\")\n",
    "df1"
   ]
  },
  {
   "cell_type": "code",
   "execution_count": 23,
   "id": "3d52e321-85f7-4fda-bc36-d9a3f88eb137",
   "metadata": {},
   "outputs": [
    {
     "data": {
      "text/html": [
       "<table border='1'>\n",
       "<tr><th>id</th><th>cnpj_editora</th><th>data_lancamento</th><th>ean</th><th>isbn10</th><th>numero_paginas</th><th>preco</th></tr>\n",
       "<tr><td>102961160</td><td>54.317.982/0001-79</td><td>2011-09-19</td><td>4367115749184</td><td>0-06-594558-1</td><td>516</td><td>113.84</td></tr>\n",
       "<tr><td>043636240</td><td>16.938.042/0001-08</td><td>2019-05-11</td><td>1239569754256</td><td>0-611-23680-X</td><td>371</td><td>207.67</td></tr>\n",
       "<tr><td>052928059</td><td>57.624.038/0001-52</td><td>2003-08-03</td><td>5462162528221</td><td>1-109-29542-1</td><td>198</td><td>107.89</td></tr>\n",
       "<tr><td>088482271</td><td>16.249.378/0001-63</td><td>2022-09-07</td><td>5713629047213</td><td>1-229-68842-0</td><td>632</td><td>143.95</td></tr>\n",
       "<tr><td>028125446</td><td>90.425.178/0001-77</td><td>2011-07-25</td><td>2226757040245</td><td>0-657-66391-3</td><td>384</td><td>156.49</td></tr>\n",
       "<tr><td>54.317.982/0001-79</td><td>2011-09-19</td><td>4367115749184</td><td>0-06-594558-1</td><td>516</td><td>113.84</td><td>102961160</td></tr>\n",
       "<tr><td>16.938.042/0001-08</td><td>2019-05-11</td><td>1239569754256</td><td>0-611-23680-X</td><td>371</td><td>207.67</td><td>043636240</td></tr>\n",
       "<tr><td>57.624.038/0001-52</td><td>2003-08-03</td><td>5462162528221</td><td>1-109-29542-1</td><td>198</td><td>107.89</td><td>052928059</td></tr>\n",
       "<tr><td>16.249.378/0001-63</td><td>2022-09-07</td><td>5713629047213</td><td>1-229-68842-0</td><td>632</td><td>143.95</td><td>088482271</td></tr>\n",
       "<tr><td>90.425.178/0001-77</td><td>2011-07-25</td><td>2226757040245</td><td>0-657-66391-3</td><td>384</td><td>156.49</td><td>028125446</td></tr>\n",
       "</table>\n"
      ],
      "text/plain": [
       "+------------------+------------------+---------------+-------------+-------------+--------------+---------+\n",
       "|                id|      cnpj_editora|data_lancamento|          ean|       isbn10|numero_paginas|    preco|\n",
       "+------------------+------------------+---------------+-------------+-------------+--------------+---------+\n",
       "|         102961160|54.317.982/0001-79|     2011-09-19|4367115749184|0-06-594558-1|           516|   113.84|\n",
       "|         043636240|16.938.042/0001-08|     2019-05-11|1239569754256|0-611-23680-X|           371|   207.67|\n",
       "|         052928059|57.624.038/0001-52|     2003-08-03|5462162528221|1-109-29542-1|           198|   107.89|\n",
       "|         088482271|16.249.378/0001-63|     2022-09-07|5713629047213|1-229-68842-0|           632|   143.95|\n",
       "|         028125446|90.425.178/0001-77|     2011-07-25|2226757040245|0-657-66391-3|           384|   156.49|\n",
       "|54.317.982/0001-79|        2011-09-19|  4367115749184|0-06-594558-1|          516|        113.84|102961160|\n",
       "|16.938.042/0001-08|        2019-05-11|  1239569754256|0-611-23680-X|          371|        207.67|043636240|\n",
       "|57.624.038/0001-52|        2003-08-03|  5462162528221|1-109-29542-1|          198|        107.89|052928059|\n",
       "|16.249.378/0001-63|        2022-09-07|  5713629047213|1-229-68842-0|          632|        143.95|088482271|\n",
       "|90.425.178/0001-77|        2011-07-25|  2226757040245|0-657-66391-3|          384|        156.49|028125446|\n",
       "+------------------+------------------+---------------+-------------+-------------+--------------+---------+"
      ]
     },
     "execution_count": 23,
     "metadata": {},
     "output_type": "execute_result"
    }
   ],
   "source": [
    "df.union(df1)"
   ]
  },
  {
   "cell_type": "code",
   "execution_count": 27,
   "id": "12245a88-d7f4-4705-9abf-e63c1e9ab05c",
   "metadata": {},
   "outputs": [
    {
     "data": {
      "text/html": [
       "<table border='1'>\n",
       "<tr><th>cnpj_editora</th><th>data_lancamento</th><th>ean</th><th>isbn10</th><th>numero_paginas</th><th>preco</th><th>id</th><th>quantidade</th></tr>\n",
       "<tr><td>54.317.982/0001-79</td><td>2011-09-19</td><td>4367115749184</td><td>0-06-594558-1</td><td>516</td><td>113.84</td><td>102961160</td><td>1</td></tr>\n",
       "<tr><td>16.938.042/0001-08</td><td>2019-05-11</td><td>1239569754256</td><td>0-611-23680-X</td><td>371</td><td>207.67</td><td>043636240</td><td>1</td></tr>\n",
       "<tr><td>57.624.038/0001-52</td><td>2003-08-03</td><td>5462162528221</td><td>1-109-29542-1</td><td>198</td><td>107.89</td><td>052928059</td><td>1</td></tr>\n",
       "<tr><td>16.249.378/0001-63</td><td>2022-09-07</td><td>5713629047213</td><td>1-229-68842-0</td><td>632</td><td>143.95</td><td>088482271</td><td>1</td></tr>\n",
       "<tr><td>90.425.178/0001-77</td><td>2011-07-25</td><td>2226757040245</td><td>0-657-66391-3</td><td>384</td><td>156.49</td><td>028125446</td><td>1</td></tr>\n",
       "</table>\n"
      ],
      "text/plain": [
       "+------------------+---------------+-------------+-------------+--------------+------+---------+----------+\n",
       "|      cnpj_editora|data_lancamento|          ean|       isbn10|numero_paginas| preco|       id|quantidade|\n",
       "+------------------+---------------+-------------+-------------+--------------+------+---------+----------+\n",
       "|54.317.982/0001-79|     2011-09-19|4367115749184|0-06-594558-1|           516|113.84|102961160|         1|\n",
       "|16.938.042/0001-08|     2019-05-11|1239569754256|0-611-23680-X|           371|207.67|043636240|         1|\n",
       "|57.624.038/0001-52|     2003-08-03|5462162528221|1-109-29542-1|           198|107.89|052928059|         1|\n",
       "|16.249.378/0001-63|     2022-09-07|5713629047213|1-229-68842-0|           632|143.95|088482271|         1|\n",
       "|90.425.178/0001-77|     2011-07-25|2226757040245|0-657-66391-3|           384|156.49|028125446|         1|\n",
       "+------------------+---------------+-------------+-------------+--------------+------+---------+----------+"
      ]
     },
     "execution_count": 27,
     "metadata": {},
     "output_type": "execute_result"
    }
   ],
   "source": [
    "df2 = df1.withColumn(\"quantidade\", F.lit(1))\n",
    "df2"
   ]
  },
  {
   "cell_type": "code",
   "execution_count": 33,
   "id": "6d837f4f-2ff4-4469-ba69-1d226b825019",
   "metadata": {},
   "outputs": [
    {
     "data": {
      "text/html": [
       "<table border='1'>\n",
       "<tr><th>cnpj_editora</th><th>data_lancamento</th><th>ean</th><th>isbn10</th><th>numero_paginas</th><th>preco</th><th>id</th><th>quantidade</th></tr>\n",
       "<tr><td>54.317.982/0001-79</td><td>2011-09-19</td><td>4367115749184</td><td>0-06-594558-1</td><td>516</td><td>113.84</td><td>102961160</td><td>1</td></tr>\n",
       "<tr><td>16.938.042/0001-08</td><td>2019-05-11</td><td>1239569754256</td><td>0-611-23680-X</td><td>371</td><td>207.67</td><td>043636240</td><td>1</td></tr>\n",
       "<tr><td>57.624.038/0001-52</td><td>2003-08-03</td><td>5462162528221</td><td>1-109-29542-1</td><td>198</td><td>107.89</td><td>052928059</td><td>1</td></tr>\n",
       "<tr><td>16.249.378/0001-63</td><td>2022-09-07</td><td>5713629047213</td><td>1-229-68842-0</td><td>632</td><td>143.95</td><td>088482271</td><td>1</td></tr>\n",
       "<tr><td>90.425.178/0001-77</td><td>2011-07-25</td><td>2226757040245</td><td>0-657-66391-3</td><td>384</td><td>156.49</td><td>028125446</td><td>1</td></tr>\n",
       "<tr><td>54.317.982/0001-79</td><td>2011-09-19</td><td>4367115749184</td><td>0-06-594558-1</td><td>516</td><td>113.84</td><td>102961160</td><td>null</td></tr>\n",
       "<tr><td>16.938.042/0001-08</td><td>2019-05-11</td><td>1239569754256</td><td>0-611-23680-X</td><td>371</td><td>207.67</td><td>043636240</td><td>null</td></tr>\n",
       "<tr><td>57.624.038/0001-52</td><td>2003-08-03</td><td>5462162528221</td><td>1-109-29542-1</td><td>198</td><td>107.89</td><td>052928059</td><td>null</td></tr>\n",
       "<tr><td>16.249.378/0001-63</td><td>2022-09-07</td><td>5713629047213</td><td>1-229-68842-0</td><td>632</td><td>143.95</td><td>088482271</td><td>null</td></tr>\n",
       "<tr><td>90.425.178/0001-77</td><td>2011-07-25</td><td>2226757040245</td><td>0-657-66391-3</td><td>384</td><td>156.49</td><td>028125446</td><td>null</td></tr>\n",
       "</table>\n"
      ],
      "text/plain": [
       "+------------------+---------------+-------------+-------------+--------------+------+---------+----------+\n",
       "|      cnpj_editora|data_lancamento|          ean|       isbn10|numero_paginas| preco|       id|quantidade|\n",
       "+------------------+---------------+-------------+-------------+--------------+------+---------+----------+\n",
       "|54.317.982/0001-79|     2011-09-19|4367115749184|0-06-594558-1|           516|113.84|102961160|         1|\n",
       "|16.938.042/0001-08|     2019-05-11|1239569754256|0-611-23680-X|           371|207.67|043636240|         1|\n",
       "|57.624.038/0001-52|     2003-08-03|5462162528221|1-109-29542-1|           198|107.89|052928059|         1|\n",
       "|16.249.378/0001-63|     2022-09-07|5713629047213|1-229-68842-0|           632|143.95|088482271|         1|\n",
       "|90.425.178/0001-77|     2011-07-25|2226757040245|0-657-66391-3|           384|156.49|028125446|         1|\n",
       "|54.317.982/0001-79|     2011-09-19|4367115749184|0-06-594558-1|           516|113.84|102961160|      null|\n",
       "|16.938.042/0001-08|     2019-05-11|1239569754256|0-611-23680-X|           371|207.67|043636240|      null|\n",
       "|57.624.038/0001-52|     2003-08-03|5462162528221|1-109-29542-1|           198|107.89|052928059|      null|\n",
       "|16.249.378/0001-63|     2022-09-07|5713629047213|1-229-68842-0|           632|143.95|088482271|      null|\n",
       "|90.425.178/0001-77|     2011-07-25|2226757040245|0-657-66391-3|           384|156.49|028125446|      null|\n",
       "+------------------+---------------+-------------+-------------+--------------+------+---------+----------+"
      ]
     },
     "execution_count": 33,
     "metadata": {},
     "output_type": "execute_result"
    }
   ],
   "source": [
    "df2.unionByName(df1, allowMissingColumns=True)"
   ]
  },
  {
   "cell_type": "code",
   "execution_count": 25,
   "id": "d7bab506-4337-45c5-a05e-e0e1f5e47f9b",
   "metadata": {},
   "outputs": [
    {
     "data": {
      "text/html": [
       "<table border='1'>\n",
       "<tr><th>id</th><th>cnpj_editora</th><th>data_lancamento</th><th>ean</th><th>isbn10</th><th>numero_paginas</th><th>preco</th></tr>\n",
       "<tr><td>102961160</td><td>54.317.982/0001-79</td><td>2011-09-19</td><td>4367115749184</td><td>0-06-594558-1</td><td>516</td><td>113.84</td></tr>\n",
       "<tr><td>043636240</td><td>16.938.042/0001-08</td><td>2019-05-11</td><td>1239569754256</td><td>0-611-23680-X</td><td>371</td><td>207.67</td></tr>\n",
       "<tr><td>052928059</td><td>57.624.038/0001-52</td><td>2003-08-03</td><td>5462162528221</td><td>1-109-29542-1</td><td>198</td><td>107.89</td></tr>\n",
       "<tr><td>088482271</td><td>16.249.378/0001-63</td><td>2022-09-07</td><td>5713629047213</td><td>1-229-68842-0</td><td>632</td><td>143.95</td></tr>\n",
       "<tr><td>028125446</td><td>90.425.178/0001-77</td><td>2011-07-25</td><td>2226757040245</td><td>0-657-66391-3</td><td>384</td><td>156.49</td></tr>\n",
       "<tr><td>102961160</td><td>54.317.982/0001-79</td><td>2011-09-19</td><td>4367115749184</td><td>0-06-594558-1</td><td>516</td><td>113.84</td></tr>\n",
       "<tr><td>043636240</td><td>16.938.042/0001-08</td><td>2019-05-11</td><td>1239569754256</td><td>0-611-23680-X</td><td>371</td><td>207.67</td></tr>\n",
       "<tr><td>052928059</td><td>57.624.038/0001-52</td><td>2003-08-03</td><td>5462162528221</td><td>1-109-29542-1</td><td>198</td><td>107.89</td></tr>\n",
       "<tr><td>088482271</td><td>16.249.378/0001-63</td><td>2022-09-07</td><td>5713629047213</td><td>1-229-68842-0</td><td>632</td><td>143.95</td></tr>\n",
       "<tr><td>028125446</td><td>90.425.178/0001-77</td><td>2011-07-25</td><td>2226757040245</td><td>0-657-66391-3</td><td>384</td><td>156.49</td></tr>\n",
       "</table>\n"
      ],
      "text/plain": [
       "+---------+------------------+---------------+-------------+-------------+--------------+------+\n",
       "|       id|      cnpj_editora|data_lancamento|          ean|       isbn10|numero_paginas| preco|\n",
       "+---------+------------------+---------------+-------------+-------------+--------------+------+\n",
       "|102961160|54.317.982/0001-79|     2011-09-19|4367115749184|0-06-594558-1|           516|113.84|\n",
       "|043636240|16.938.042/0001-08|     2019-05-11|1239569754256|0-611-23680-X|           371|207.67|\n",
       "|052928059|57.624.038/0001-52|     2003-08-03|5462162528221|1-109-29542-1|           198|107.89|\n",
       "|088482271|16.249.378/0001-63|     2022-09-07|5713629047213|1-229-68842-0|           632|143.95|\n",
       "|028125446|90.425.178/0001-77|     2011-07-25|2226757040245|0-657-66391-3|           384|156.49|\n",
       "|102961160|54.317.982/0001-79|     2011-09-19|4367115749184|0-06-594558-1|           516|113.84|\n",
       "|043636240|16.938.042/0001-08|     2019-05-11|1239569754256|0-611-23680-X|           371|207.67|\n",
       "|052928059|57.624.038/0001-52|     2003-08-03|5462162528221|1-109-29542-1|           198|107.89|\n",
       "|088482271|16.249.378/0001-63|     2022-09-07|5713629047213|1-229-68842-0|           632|143.95|\n",
       "|028125446|90.425.178/0001-77|     2011-07-25|2226757040245|0-657-66391-3|           384|156.49|\n",
       "+---------+------------------+---------------+-------------+-------------+--------------+------+"
      ]
     },
     "execution_count": 25,
     "metadata": {},
     "output_type": "execute_result"
    }
   ],
   "source": [
    "df.unionByName(df1)"
   ]
  },
  {
   "cell_type": "code",
   "execution_count": 37,
   "id": "986db376-8779-47ab-a8cb-0729840928cf",
   "metadata": {},
   "outputs": [
    {
     "data": {
      "text/html": [
       "<table border='1'>\n",
       "<tr><th>id</th><th>cnpj_editora</th><th>data_lancamento</th><th>ean</th><th>isbn10</th><th>numero_paginas</th><th>preco</th></tr>\n",
       "<tr><td>102961160</td><td>54.317.982/0001-79</td><td>2011-09-19</td><td>4367115749184</td><td>0-06-594558-1</td><td>516</td><td>113.84</td></tr>\n",
       "<tr><td>043636240</td><td>16.938.042/0001-08</td><td>2019-05-11</td><td>1239569754256</td><td>0-611-23680-X</td><td>371</td><td>207.67</td></tr>\n",
       "<tr><td>052928059</td><td>57.624.038/0001-52</td><td>2003-08-03</td><td>5462162528221</td><td>1-109-29542-1</td><td>198</td><td>107.89</td></tr>\n",
       "<tr><td>088482271</td><td>16.249.378/0001-63</td><td>2022-09-07</td><td>5713629047213</td><td>1-229-68842-0</td><td>632</td><td>143.95</td></tr>\n",
       "<tr><td>028125446</td><td>90.425.178/0001-77</td><td>2011-07-25</td><td>2226757040245</td><td>0-657-66391-3</td><td>384</td><td>156.49</td></tr>\n",
       "</table>\n"
      ],
      "text/plain": [
       "+---------+------------------+---------------+-------------+-------------+--------------+------+\n",
       "|       id|      cnpj_editora|data_lancamento|          ean|       isbn10|numero_paginas| preco|\n",
       "+---------+------------------+---------------+-------------+-------------+--------------+------+\n",
       "|102961160|54.317.982/0001-79|     2011-09-19|4367115749184|0-06-594558-1|           516|113.84|\n",
       "|043636240|16.938.042/0001-08|     2019-05-11|1239569754256|0-611-23680-X|           371|207.67|\n",
       "|052928059|57.624.038/0001-52|     2003-08-03|5462162528221|1-109-29542-1|           198|107.89|\n",
       "|088482271|16.249.378/0001-63|     2022-09-07|5713629047213|1-229-68842-0|           632|143.95|\n",
       "|028125446|90.425.178/0001-77|     2011-07-25|2226757040245|0-657-66391-3|           384|156.49|\n",
       "+---------+------------------+---------------+-------------+-------------+--------------+------+"
      ]
     },
     "execution_count": 37,
     "metadata": {},
     "output_type": "execute_result"
    }
   ],
   "source": [
    "dup.drop_duplicates()"
   ]
  },
  {
   "cell_type": "code",
   "execution_count": 39,
   "id": "dd35d9a8-bc0b-4c86-b393-0d778a8b700b",
   "metadata": {},
   "outputs": [],
   "source": [
    "df4 = spark.read.parquet('./Downloads/DATASETS/DATASETS/LIVROS.parquet' , sep =\";\",inferSchema=True, header= True).where(F.col(\"numero_paginas\").isin(461,209))"
   ]
  },
  {
   "cell_type": "code",
   "execution_count": 43,
   "id": "b02769f6-1cb7-471a-87c8-792ea85652dd",
   "metadata": {},
   "outputs": [
    {
     "data": {
      "text/html": [
       "<table border='1'>\n",
       "<tr><th>id</th><th>cnpj_editora</th><th>data_lancamento</th><th>ean</th><th>isbn10</th><th>numero_paginas</th><th>preco</th></tr>\n",
       "<tr><td>010045097</td><td>93.167.508/0001-60</td><td>2003-12-17</td><td>5404258649298</td><td>1-198-80360-6</td><td>209</td><td>138.69</td></tr>\n",
       "<tr><td>013465823</td><td>83.726.491/0001-80</td><td>2017-05-13</td><td>0074144479312</td><td>1-83610-787-0</td><td>461</td><td>54.54</td></tr>\n",
       "<tr><td>032992209</td><td>89.025.741/0001-30</td><td>2021-01-19</td><td>6742463360539</td><td>1-70513-664-8</td><td>209</td><td>62.06</td></tr>\n",
       "<tr><td>053055882</td><td>49.307.825/0001-42</td><td>2012-11-28</td><td>7167295362435</td><td>0-938193-52-X</td><td>209</td><td>25.48</td></tr>\n",
       "<tr><td>099439200</td><td>56.192.403/0001-34</td><td>2023-02-21</td><td>8661295733213</td><td>0-9652676-7-9</td><td>461</td><td>191.21</td></tr>\n",
       "<tr><td>017101222</td><td>38.749.021/0001-87</td><td>2009-10-05</td><td>1097622511402</td><td>1-955365-19-9</td><td>461</td><td>24.87</td></tr>\n",
       "</table>\n"
      ],
      "text/plain": [
       "+---------+------------------+---------------+-------------+-------------+--------------+------+\n",
       "|       id|      cnpj_editora|data_lancamento|          ean|       isbn10|numero_paginas| preco|\n",
       "+---------+------------------+---------------+-------------+-------------+--------------+------+\n",
       "|010045097|93.167.508/0001-60|     2003-12-17|5404258649298|1-198-80360-6|           209|138.69|\n",
       "|013465823|83.726.491/0001-80|     2017-05-13|0074144479312|1-83610-787-0|           461| 54.54|\n",
       "|032992209|89.025.741/0001-30|     2021-01-19|6742463360539|1-70513-664-8|           209| 62.06|\n",
       "|053055882|49.307.825/0001-42|     2012-11-28|7167295362435|0-938193-52-X|           209| 25.48|\n",
       "|099439200|56.192.403/0001-34|     2023-02-21|8661295733213|0-9652676-7-9|           461|191.21|\n",
       "|017101222|38.749.021/0001-87|     2009-10-05|1097622511402|1-955365-19-9|           461| 24.87|\n",
       "+---------+------------------+---------------+-------------+-------------+--------------+------+"
      ]
     },
     "execution_count": 43,
     "metadata": {},
     "output_type": "execute_result"
    }
   ],
   "source": [
    "df4"
   ]
  },
  {
   "cell_type": "code",
   "execution_count": 49,
   "id": "4f4ef545-4ae3-4c5c-bd26-c1de87980fc5",
   "metadata": {},
   "outputs": [
    {
     "data": {
      "text/html": [
       "<table border='1'>\n",
       "<tr><th>id</th><th>cnpj_editora</th><th>data_lancamento</th><th>ean</th><th>isbn10</th><th>numero_paginas</th><th>preco</th></tr>\n",
       "<tr><td>010045097</td><td>93.167.508/0001-60</td><td>2003-12-17</td><td>5404258649298</td><td>1-198-80360-6</td><td>209</td><td>138.69</td></tr>\n",
       "<tr><td>013465823</td><td>83.726.491/0001-80</td><td>2017-05-13</td><td>0074144479312</td><td>1-83610-787-0</td><td>461</td><td>54.54</td></tr>\n",
       "</table>\n"
      ],
      "text/plain": [
       "+---------+------------------+---------------+-------------+-------------+--------------+------+\n",
       "|       id|      cnpj_editora|data_lancamento|          ean|       isbn10|numero_paginas| preco|\n",
       "+---------+------------------+---------------+-------------+-------------+--------------+------+\n",
       "|010045097|93.167.508/0001-60|     2003-12-17|5404258649298|1-198-80360-6|           209|138.69|\n",
       "|013465823|83.726.491/0001-80|     2017-05-13|0074144479312|1-83610-787-0|           461| 54.54|\n",
       "+---------+------------------+---------------+-------------+-------------+--------------+------+"
      ]
     },
     "execution_count": 49,
     "metadata": {},
     "output_type": "execute_result"
    }
   ],
   "source": [
    "df4.drop_duplicates([\"numero_paginas\"])"
   ]
  },
  {
   "cell_type": "code",
   "execution_count": null,
   "id": "5b002fde-f4d0-425b-b7e6-f23fa2ebfae0",
   "metadata": {},
   "outputs": [],
   "source": []
  }
 ],
 "metadata": {
  "kernelspec": {
   "display_name": "Python 3 (ipykernel)",
   "language": "python",
   "name": "python3"
  },
  "language_info": {
   "codemirror_mode": {
    "name": "ipython",
    "version": 3
   },
   "file_extension": ".py",
   "mimetype": "text/x-python",
   "name": "python",
   "nbconvert_exporter": "python",
   "pygments_lexer": "ipython3",
   "version": "3.12.4"
  }
 },
 "nbformat": 4,
 "nbformat_minor": 5
}
